12:13 32 52 72 92 112
13:14 33 53 73 93 113
14:15 34 54 74 94 114
15:16 35 55 75 95 115
16:17 36 56 76 96 116
17:18 37 57 77 97 117
18:19 38 58 78 98 118
19:20 39 59 79 99 119
20:21 40 60 80 100 120
21:22 41 61 81 101 121
22:23 42 62 82 102 122
23:24 43 63 83 103 123
24:25 44 64 84 104 124
25:26 45 65 85 105 125
26:27 46 66 86 106 126
27:28 47 67 87 107 127
28:29 48 68 88 108 128
29:30 49 69 89 109 129
30:31 50 70 90 110 130
31:12 51 71 91 111 131
32:33 52 72 92 112 12
33:34 53 73 93 113 13
34:35 54 74 94 114 14
35:36 55 75 95 115 15
36:37 56 76 96 116 16
37:38 57 77 97 117 17
38:39 58 78 98 118 18
39:40 59 79 99 119 19
40:41 60 80 100 120 20
41:42 61 81 101 121 21
42:43 62 82 102 122 22
43:44 63 83 103 123 23
44:45 64 84 104 124 24
45:46 65 85 105 125 25
46:47 66 86 106 126 26
47:48 67 87 107 127 27
48:49 68 88 108 128 28
49:50 69 89 109 129 29
50:51 70 90 110 130 30
51:32 71 91 111 131 31
52:53 72 92 112 32 12
53:54 73 93 113 33 13
54:55 74 94 114 34 14
55:56 75 95 115 35 15
56:57 76 96 116 36 16
57:58 77 97 117 37 17
58:59 78 98 118 38 18
59:60 79 99 119 39 19
60:61 80 100 120 40 20
61:62 81 101 121 41 21
62:63 82 102 122 42 22
63:64 83 103 123 43 23
64:65 84 104 124 44 24
65:66 85 105 125 45 25
66:67 86 106 126 46 26
67:68 87 107 127 47 27
68:69 88 108 128 48 28
69:70 89 109 129 49 29
70:71 90 110 130 50 30
71:52 91 111 131 51 31
72:73 92 112 12 52 32
73:74 93 113 13 53 33
74:75 94 114 14 54 34
75:76 95 115 15 55 35
76:77 96 116 16 56 36
77:78 97 117 17 57 37
78:79 98 118 18 58 38
79:80 99 119 19 59 39
80:81 100 120 20 60 40
81:82 101 121 21 61 41
82:83 102 122 22 62 42
83:84 103 123 23 63 43
84:85 104 124 24 64 44
85:86 105 125 25 65 45
86:87 106 126 26 66 46
87:88 107 127 27 67 47
88:89 108 128 28 68 48
89:90 109 129 29 69 49
90:91 110 130 30 70 50
91:72 111 131 31 71 51
92:93 112 12 32 72 52
93:94 113 13 33 73 53
94:95 114 14 34 74 54
95:96 115 15 35 75 55
96:97 116 16 36 76 56
97:98 117 17 37 77 57
98:99 118 18 38 78 58
99:100 119 19 39 79 59
100:101 120 20 40 80 60
101:102 121 21 41 81 61
102:103 122 22 42 82 62
103:104 123 23 43 83 63
104:105 124 24 44 84 64
105:106 125 25 45 85 65
106:107 126 26 46 86 66
107:108 127 27 47 87 67
108:109 128 28 48 88 68
109:110 129 29 49 89 69
110:111 130 30 50 90 70
111:92 131 31 51 91 71
112:113 12 32 52 92 72
113:114 13 33 53 93 73
114:115 14 34 54 94 74
115:116 15 35 55 95 75
116:117 16 36 56 96 76
117:118 17 37 57 97 77
118:119 18 38 58 98 78
119:120 19 39 59 99 79
120:121 20 40 60 100 80
121:122 21 41 61 101 81
122:123 22 42 62 102 82
123:124 23 43 63 103 83
124:125 24 44 64 104 84
125:126 25 45 65 105 85
126:127 26 46 66 106 86
127:128 27 47 67 107 87
128:129 28 48 68 108 88
129:130 29 49 69 109 89
130:131 30 50 70 110 90
131:112 31 51 71 111 91
